((("loop_count" .
   [1 0 0 2 0 0 0 0 0 0])
  ("urllib" .
   [0 0 0 1 0 0])
  ("UNREACHABLE" .
   [1 0 2 0 1 0 0 0 0 0 0])
  ("ttl" .
   [3 0 0])
  ("space" .
   [2 0 0 0 0])
  ("bus" .
   [4 0 0])
  ("MINUTE" .
   [1 0 1 1 1 0])
  ("HOUR" .
   [2 0 1 0])
  ("cell" .
   [6 0 0 0])
  ("Land" .
   [4 0 0 0])
  ("mi" .
   [3 0])
  ("let" .
   [4 0 0])
  ("nextl" .
   [3 0 0 0 0])
  ("mxl" .
   [2 0 0])
  ("seed" .
   [3 0 0 0])
  ("check_visited" .
   [0 0 0 1 0 1 0 0 0 0 0 0 0])
  ("skip" .
   [2 0 0 0])
  ("ppar" .
   [1 0 0 0])
  ("is_move_char" .
   [0 0 1 1 0 0 0 0 0 0 0 0])
  ("DOWN" .
   [5 0 0 0])
  ("const_iterator" .
   [0 0 0 0 0 0 0 0 0 1 0 0 0 0])
  ("Maze" .
   [12 0 0 0])
  ("hoge_p" .
   [2 0 0 0 0 2])
  ("cond" .
   [19 0 0 0])
  ("file_static_variable" .
   [0 0 0 0 1 0 0 0 0 0 0 0 0 0 0 0 0 0 0 0])
  ("global_variable" .
   [0 0 0 1 0 0 0 0 0 0 0 0 0 0 0])
  ("glabal_variable" .
   [0 0 0 1 0 0 0 0 0 0 0 0 0 0 0])
  ("func2" .
   [3 0 0 0 0])
  ("func2_variable" .
   [0 0 0 0 0 0 0 1 0 0 0 0 0 0])
  ("func1_static_variable" .
   [0 0 0 0 0 0 0 1 0 0 0 0 0 0 0 0 0 0 0 0 0])
  ("func1_variable" .
   [0 0 0 0 0 0 0 0 0 1 0 0 0 0])
  ("func1" .
   [3 0 0 0 0])
  ("isEmpty" .
   [0 0 1 0 0 0 0])
  ("sum_c" .
   [3 0 0 0 0])
  ("print_col" .
   [0 0 0 0 0 0 1 0 0])
  ("assign" .
   [1 0 0 0 0 0])
  ("NP" .
   [8 0])
  ("MIN" .
   [1 0 0])
  ("OFFSET" .
   [2 0 0 10 0 0])
  ("yr" .
   [1 0])
  ("yl" .
   [1 0])
  ("xr" .
   [3 0])
  ("xl" .
   [4 0])
  ("XY" .
   [18 0])
  ("y_lb" .
   [5 0 0 0])
  ("y_ub" .
   [6 0 0 0])
  ("x_lb" .
   [10 0 0 0])
  ("x_ub" .
   [8 0 0 1])
  ("y_low" .
   [1 0 0 0 0])
  ("x_low" .
   [1 0 0 0 0])
  ("v4" .
   [5 0])
  ("v3" .
   [6 0])
  ("v0" .
   [6 0])
  ("holes" .
   [0 0 1 0 0])
  ("pp" .
   [3 0])
  ("intersect_SL" .
   [1 0 0 0 3 0 0 0 0 0 0 0])
  ("Vector3D" .
   [0 0 5 0 0 0 0 0])
  ("crosspoint_SL" .
   [0 0 0 0 0 0 0 2 0 0 0 0 0])
  ("proj" .
   [2 0 0 1])
  ("ONLINE_FRONT" .
   [1 0 1 0 0 0 0 0 1 0 0 0])
  ("ONLINE_BACK" .
   [0 0 0 0 1 0 0 0 0 0 0])
  ("dot" .
   [2 0 0])
  ("lb" .
   [7 0])
  ("distance_LP" .
   [1 0 0 0 0 2 3 0 0 0 0])
  ("ub" .
   [5 0])
  ("salt" .
   [1 0 0 0])
  ("Sphere" .
   [0 0 2 1 2 0])
  ("Point3D" .
   [7 0 15 0 0 3 1])
  ("new_node" .
   [2 0 0 0 5 0 0 0])
  ("node_t" .
   [9 0 0 0 0 0])
  ("dy2" .
   [1 0 0])
  ("dx2" .
   [1 0 0])
  ("tolower" .
   [1 0 0 0 0 0 0])
  ("dy1" .
   [1 0 0])
  ("dx1" .
   [1 0 0])
  ("nny" .
   [7 0 0])
  ("nnx" .
   [9 0 0])
  ("GLASSLESS" .
   [0 0 0 0 0 1 0 0 0])
  ("e1" .
   [1 0])
  ("es" .
   [6 0])
  ("g++" .
   [1 0 0])
  ("toRad" .
   [0 0 0 1 0])
  ("tagged" .
   [1 0 0 0 0 0])
  ("sample" .
   [0 0 0 0 0 1])
  ("tagger" .
   [1 0 0 0 0 0])
  ("String" .
   [2 0 0 0 0 0])
  ("response" .
   [0 0 0 0 0 1 0 0])
  ("resource" .
   [0 0 0 1 0 0 0 0])
  ("urlopen" .
   [1 0 0 0 0 0 0])
  ("url" .
   [8 0 0])
  ("request" .
   [2 0 0 0 0 0 0])
  ("2LL" .
   [7 0 0])
  ("dr" .
   [2 0])
  ("SegmentTree" .
   [0 0 2 0 0 0 0 0 0 0 0])
  ("dl" .
   [4 0])
  ("is_insert" .
   [0 0 0 2 0 0 0 0 0])
  ("pop_front" .
   [1 0 0 0 0 0 0 0 0])
  ("seats" .
   [6 0 0 0 0])
  ("vacant_seats" .
   [1 0 4 0 4 0 0 0 0 0 0 2])
  ("revpmax" .
   [1 0 0 0 0 0 0])
  ("revd" .
   [2 0 0 0])
  ("revp" .
   [3 0 0 0])
  ("pmax" .
   [1 0 0 0])
  ("pmin" .
   [3 0 0 0])
  ("dmax" .
   [2 0 0 0])
  ("currd" .
   [6 0 0 0 0])
  ("dmin" .
   [7 0 0 0])
  ("sumw" .
   [4 0 0 0])
  ("sumc" .
   [4 0 0 0])
  ("sound" .
   [3 0 0 0 0])
  ("Int" .
   [6 0 0])
  ("rot" .
   [2 0 0])
  ("lex" .
   [1 0 0])
  ("isw" .
   [3 0 0])
  ("nxt" .
   [25 0 0])
  ("uf" .
   [11 0])
  ("town" .
   [4 0 0 0])
  ("quiet" .
   [3 0 0 2 0])
  ("rsq" .
   [4 0 0])
  ("RSQ" .
   [2 0 0])
  ("p0" .
   [2 0])
  ("parallel" .
   [0 0 0 0 4 1 0 0])
  ("sortY" .
   [1 0 0 0 0])
  ("bn" .
   [3 0])
  ("paint_color_num" .
   [0 0 0 0 2 0 0 0 0 0 0 0 0 0 0])
  ("dp1" .
   [6 0 0])
  ("nextL" .
   [4 0 0 0 0])
  ("nextLY" .
   [0 0 0 0 1 0])
  ("nextY" .
   [4 0 0 0 0])
  ("nextX" .
   [3 0 0 0 0])
  ("mul" .
   [2 0 0])
  ("crt" .
   [2 0 0])
  ("fabs" .
   [1 0 0 0])
  ("equal" .
   [0 0 0 0 2])
  ("is_internal" .
   [0 0 0 1 0 0 0 0 0 0 0])
  ("vel" .
   [3 0 0])
  ("nearest_point" .
   [0 0 0 0 1 0 0 0 0 0 0 0 0])
  ("seg" .
   [12 0 0])
  ("make_graph" .
   [0 0 0 1 0 0 0 0 0 0])
  ("init_graph" .
   [0 0 0 0 1 0 0 0 0 0])
  ("unconnected" .
   [0 0 0 1 0 0 0 0 0 0 0])
  ("q" .
   [1])
  ("find" .
   [19 0 0 0])
  ("sizeof" .
   [0 0 0 1 0 0])
  ("nCr" .
   [23 0 0])
  ("imgs" .
   [1 0 0 0])
  ("change_data" .
   [1 0 0 0 0 0 0 0 0 0 0])
  ("change_command" .
   [1 0 0 0 0 0 0 0 1 1 0 0 0 0])
  ("Image2Ds" .
   [1 0 0 0 0 0 0 0])
  ("change_type" .
   [1 0 0 0 0 0 1 2 0 0 1])
  ("Image2D" .
   [0 0 0 0 0 0 2])
  ("POSE_NUM" .
   [0 0 0 0 4 0 0 0])
  ("rename_command" .
   [0 0 0 0 0 0 0 2 0 1 0 0 0 0])
  ("rename" .
   [4 0 0 0 0 0])
  ("divide" .
   [2 0 0 0 0 0])
  ("divide_command" .
   [0 0 0 0 0 0 0 0 0 0 0 0 1 1])
  ("jpg" .
   [2 0 0])
  ("source" .
   [1 0 0 0 0 0])
  ("remove" .
   [1 0 0 0 0 0])
  ("img" .
   [3 0 0])
  ("file" .
   [16 0 0 0])
  ("Divide" .
   [0 0 0 1 0 1])
  ("divide_image" .
   [1 0 0 0 0 0 0 0 0 0 0 0])
  ("PIC_NUM" .
   [0 0 0 2 0 0 0])
  ("divide_picture" .
   [1 0 0 0 0 0 0 0 0 0 0 0 0 0])
  ("isIntersectLS" .
   [0 0 0 0 0 0 0 0 0 0 0 0 1])
  ("containPS" .
   [3 0 0 0 0 1 0 0 7])
  ("fill" .
   [13 0 0 0])
  ("filename" .
   [4 0 0 0 0 0 0 0])
  ("filename4" .
   [1 0 0 0 0 0 0 0 0])
  ("filename3" .
   [1 0 0 0 0 0 0 0 0])
  ("mcf" .
   [2 0 0])
  ("make_pictures" .
   [1 0 0 0 0 0 0 1 0 0 0 0 0])
  ("pictures" .
   [3 0 0 0 0 0 0 0])
  ("pics" .
   [3 0 0 0])
  ("floor" .
   [1 0 0 0 0])
  ("MAX_S" .
   [8 0 0 0 1])
  ("rand" .
   [2 0 0 0])
  ("baton" .
   [40 0 0 0 0])
  ("extgcd" .
   [1 0 0 0 2 0])
  ("miller_rabin" .
   [0 0 1 1 0 0 0 0 0 0 0 0])
  ("visitedv" .
   [1 0 0 0 0 0 0 0])
  ("dfsl" .
   [1 0 0 0])
  ("visitedl" .
   [1 0 0 0 0 0 0 0])
  ("dfsv" .
   [3 0 0 0])
  ("LG" .
   [2 0])
  ("nr" .
   [2 0])
  ("sign" .
   [2 0 0 2])
  ("ys" .
   [2 0])
  ("printc" .
   [8 0 0 0 0 0])
  ("memcpy" .
   [1 0 0 1 0 1])
  ("nid" .
   [1 0 0])
  ("back" .
   [5 0 0 0])
  ("is_goal" .
   [0 0 1 2 1 0 0])
  ("cube" .
   [2 0 0 0])
  ("flv" .
   [1 0 0])
  ("mp3" .
   [3 0 0])
  ("mp4" .
   [2 0 0])
  ("make_node" .
   [4 0 0 0 0 0 0 0 0])
  ("malloc" .
   [5 0 0 0 0 1])
  ("index" .
   [24 0 0 0 0])
  ("strtok" .
   [1 0 0 0 0 0])
  ("tail" .
   [1 0 0 0])
  ("pre_order" .
   [0 0 0 3 1 0 0 0 0])
  ("CHAR" .
   [1 0 0 0])
  ("DOUBLE" .
   [2 0 0 0 0 0])
  ("INTEGER" .
   [1 0 0 0 0 0 1])
  ("is_integer" .
   [1 0 0 0 0 0 0 0 0 0])
  ("check_valid_number" .
   [0 0 0 0 0 1 0 0 0 0 0 0 0 0 0 0 0 0])
  ("valid_number" .
   [1 0 0 0 0 0 0 0 0 0 0 0])
  ("parser" .
   [2 0 0 0 0 0])
  ("strs" .
   [31 0 0 0])
  ("true" .
   [3 0 0 0])
  ("is_operand" .
   [0 0 0 0 0 0 0 0 0 1])
  ("strcmp" .
   [10 0 0 0 0 0])
  ("MAX_SIZE" .
   [2 0 1 0 0 0 0 0])
  ("get_number" .
   [0 0 0 0 1 0 0 0 0 0])
  ("ctype.h" .
   [3 0 0 0 0 0 0])
  ("stack_initialization" .
   [0 0 0 0 0 0 1 0 0 0 0 0 0 0 0 0 0 0 0 0])
  ("initialization" .
   [0 0 0 0 1 0 0 0 0 0 0 0 0 0])
  ("extern" .
   [0 0 0 0 0 2])
  ("push_data" .
   [0 0 0 0 0 1 0 0 0])
  ("empty" .
   [7 0 0 0 0])
  ("Stack" .
   [1 0 0 0 0])
  ("stack" .
   [17 0 0 0 0])
  ("bool" .
   [4 0 0 1])
  ("stack.h" .
   [1 0 0 0 0 0 0])
  ("Value" .
   [1 0 0 0 0])
  ("ntrans" .
   [0 0 0 0 2 0])
  ("en" .
   [6 0])
  ("trans" .
   [2 0 0 0 3])
  ("edge_num" .
   [0 0 0 0 1 2 0 0])
  ("ret" .
   [21 0 0])
  ("expr" .
   [14 0 0 0])
  ("ci" .
   [4 0])
  ("check_op" .
   [2 0 0 0 0 0 0 0])
  ("is_op" .
   [4 0 0 0 0])
  ("pair" .
   [37 0 0 0])
  ("sum_dist" .
   [0 0 0 1 0 0 0 0])
  ("gy" .
   [6 0])
  ("gx" .
   [6 0])
  ("sy" .
   [27 0])
  ("sx" .
   [23 0])
  ("szx" .
   [1 0 0])
  ("syz" .
   [1 0 0])
  ("sxy" .
   [1 0 0])
  ("false" .
   [6 0 2 0 0])
  ("RUNTIME_ERROR" .
   [0 0 1 0 0 1 0 0 0 0 0 0 0])
  ("M" .
   [2])
  ("m" .
   [1])
  ("Tc" .
   [3 0])
  ("end" .
   [16 0 0])
  ("pop" .
   [6 0 0])
  ("commands" .
   [2 0 0 0 0 0 0 0])
  ("compress_command" .
   [1 0 0 0 0 0 0 0 0 1 1 1 0 0 0 2])
  ("get_size" .
   [1 0 0 0 0 0 0 0])
  ("concat_pdf" .
   [1 0 0 0 0 0 0 0 0 0])
  ("FILE_HEIGHT" .
   [0 0 0 0 0 0 0 1 0 0 0])
  ("FILE_WIDTH" .
   [0 0 0 0 0 0 1 0 0 0])
  ("new_height" .
   [0 0 0 0 0 0 1 0 0 0])
  ("new_width" .
   [0 0 0 0 0 0 1 0 0])
  ("new_data" .
   [4 0 0 0 0 0 0 0])
  ("rotate" .
   [3 0 0 0 0 0])
  ("remove_files" .
   [3 0 0 0 0 0 0 0 0 0 0 0])
  ("read_data" .
   [2 0 0 0 1 0 0 0 3])
  ("concat_command" .
   [0 0 0 0 0 0 0 2 0 0 0 1 0 0])
  ("write_data" .
   [5 0 1 0 0 1 0 0 0 0])
  ("PDFs" .
   [1 0 0 0])
  ("PDF" .
   [5 0 0])
  ("map" .
   [75 0 0])
  ("npos1" .
   [9 0 0 0 0])
  ("npos2" .
   [4 0 0 0 0])
  ("nvec" .
   [21 0 0 0])
  ("nearest_left_hole" .
   [0 0 0 0 0 0 0 0 0 0 1 0 0 0 0 0 0])
  ("nearest_right_hole" .
   [0 0 0 0 1 0 0 0 0 0 0 0 0 0 0 0 0 1])
  ("size" .
   [184 0 0 0])
  ("simulate" .
   [1 0 0 8 7 0 0 1])
  ("seat" .
   [33 0 0 0])
  ("set" .
   [42 0 0])
  ("max" .
   [70 0 0])
  ("endl" .
   [269 0 0 1])
  ("aac" .
   [4 0 0])
  ("x264" .
   [3 0 0 0])
  ("input_" .
   [1 0 0 0 0 0])
  ("levenshtein_distance" .
   [0 0 1 0 0 0 0 0 0 0 0 0 0 0 0 0 0 0 0 0])
  ("dic" .
   [3 0 0])
  ("texts" .
   [4 0 0 1 0])
  ("comp_y" .
   [1 0 0 0 0 0])
  ("yy" .
   [1 0])
  ("yx" .
   [1 0])
  ("xy" .
   [1 0])
  ("buf_size" .
   [2 0 0 0 0 0 0 0])
  ("buf" .
   [16 0 0])
  ("isalnum" .
   [0 0 1 0 0 0 0])
  ("getc" .
   [1 0 0 0])
  ("EOF" .
   [5 0 0])
  ("get_word" .
   [0 0 0 1 0 0 0 1])
  ("copy" .
   [1 0 0 0])
  ("set_data" .
   [3 0 0 0 0 0 0 2])
  ("resize_data" .
   [0 0 0 0 0 0 0 0 0 2 0])
  ("getline" .
   [3 0 0 1 0 0 0])
  ("cx" .
   [10 0])
  ("cy" .
   [11 0])
  ("get_length" .
   [1 0 0 0 0 0 2 0 0 2])
  ("remove_file_name" .
   [1 0 0 0 0 0 0 0 0 1 0 0 1 0 0 0])
  ("remove_command" .
   [0 0 0 0 0 0 0 1 0 0 0 1 0 0])
  ("resize_command" .
   [2 0 0 0 0 0 0 0 0 0 1 0 0 2])
  ("new_file_name" .
   [0 0 0 0 0 0 0 1 0 0 0 0 0])
  ("file_name" .
   [2 0 0 0 0 0 0 0 0])
  ("is_identifier" .
   [0 0 0 1 0 0 0 0 0 0 0 0 0])
  ("fstream" .
   [2 0 0 0 0 0 0])
  ("lineno" .
   [1 0 0 0 0 0])
  ("matches" .
   [2 0 0 0 1 0 3])
  ("line" .
   [0 0 0 1])
  ("regex" .
   [6 0 0 0 0])
  ("high" .
   [2 0 0 0])
  ("low" .
   [4 0 0])
  ("climits" .
   [7 0 0 0 0 0 1])
  ("override" .
   [0 0 0 0 3 1 0 0])
  ("eyes" .
   [3 0 0 0])
  ("nullptr" .
   [0 0 2 2 13 0 25])
  ("mouth" .
   [3 0 0 0 0])
  ("Smiley" .
   [1 0 0 2 0 0])
  ("center" .
   [1 0 0 0 0 0])
  ("Shape" .
   [9 0 0 1 0])
  ("stdexcept" .
   [1 0 0 0 0 0 0 0 2])
  ("initializer_list" .
   [0 0 0 1 0 0 0 0 0 0 0 0 0 0 0 0])
  ("List_container" .
   [0 0 0 0 4 0 0 0 0 0 0 0 0 1])
  ("Vector_container" .
   [1 0 0 0 0 0 0 0 1 0 0 0 1 0 0 0])
  ("public" .
   [0 0 0 1 0 0])
  ("sz" .
   [10 0])
  ("Container" .
   [0 0 0 0 1 3 0 0 0])
  ("virtual" .
   [0 0 0 0 0 0 3])
  ("elem" .
   [10 0 0 0])
  ("static_assert" .
   [0 0 0 0 0 0 0 0 0 1 1 0 0])
  ("light" .
   [0 0 0 1 0])
  ("yellow" .
   [2 0 0 0 2 0])
  ("col2" .
   [1 0 0 0])
  ("Traffic_light" .
   [0 0 0 11 0 1 0 0 0 0 0 0 0])
  ("Color" .
   [2 0 2 0 0])
  ("green" .
   [4 0 0 0 0])
  ("literal_type" .
   [1 0 0 0 0 0 0 1 0 0 0 0])
  ("always_zero" .
   [0 0 0 0 2 0 0 0 0 0 0])
  ("constexpr" .
   [0 0 0 0 0 0 45 26 76])
  ("get_data" .
   [15 0 0 0 1 1 0 0])
  ("data90" .
   [4 0 0 0 0 0])
  ("sink" .
   [9 0 0 0])
  ("Video" .
   [5 0 0 1 3])
  ("points" .
   [4 0 0 0 0 0])
  ("n2v" .
   [2 0 0])
  ("fav" .
   [3 0 0])
  ("it2" .
   [2 0 0])
  ("BLACK" .
   [4 0 0 0 0])
  ("rep" .
   [1 0 0])
  ("all" .
   [1 0 0])
  ("ball" .
   [11 0 0 0])
  ("equals2" .
   [1 0 0 0 0 0 0])
  ("check_separate" .
   [1 0 0 0 0 0 0 2 0 0 0 0 0 1])
  ("check_point_on_circle" .
   [0 0 0 0 0 0 0 0 0 0 0 1 0 0 0 0 0 0 0 0 0])
  ("ppp" .
   [1 0 0])
  ("rotate90" .
   [2 0 0 0 0 0 0 0])
  ("equals" .
   [18 0 8 3 3 0])
  ("make_comb" .
   [1 0 0 0 0 2 0 0 0])
  ("rcost" .
   [1 0 0 0 0])
  ("rmcost" .
   [2 0 0 0 0 0])
  ("incost" .
   [2 0 0 0 0 0])
  ("Levenshtein_Distance" .
   [0 0 1 0 0 0 0 0 0 0 0 0 0 0 0 0 0 0 0 1])
  ("ON_SEGMENT" .
   [1 0 1 1 0 0 0 0 0 4])
  ("isIntersectCLs" .
   [1 0 0 0 0 0 0 0 0 0 0 0 0 0])
  ("isIntersectCL" .
   [3 0 0 0 0 0 0 0 0 0 0 0 0])
  ("isIntersectCPs" .
   [1 0 0 0 0 0 0 0 0 0 0 0 0 0])
  ("red" .
   [14 0 0])
  ("blue" .
   [2 0 0 1])
  ("fout" .
   [5 0 0 0])
  ("input_file" .
   [0 0 0 0 0 1 0 0 0 0])
  ("MAX_LENGTH" .
   [1 0 0 2 0 0 0 0 0 2])
  ("atoi" .
   [1 0 0 0])
  ("number_of_rows" .
   [0 0 0 0 0 0 0 1 0 1 0 0 0 0])
  ("HEIGHT" .
   [0 0 0 1 0 0])
  ("PREV" .
   [3 0 0 0])
  ("goal_cnt" .
   [1 0 0 0 0 0 1 1])
  ("exist_curling_stone" .
   [0 0 1 0 0 0 1 0 0 0 0 0 0 0 0 0 0 0 0])
  ("W_MIN" .
   [2 0 0 0 0])
  ("H_MIN" .
   [1 0 0 0 0])
  ("W_MAX" .
   [3 0 0 0 0])
  ("H_MAX" .
   [4 0 0 0 0])
  ("S_LENGTH_MAX" .
   [1 0 0 0 0 0 0 0 0 0 0 0])
  ("S_LENGTH_M" .
   [0 0 0 0 0 0 0 0 0 2])
  ("d2" .
   [4 0])
  ("d1" .
   [4 0])
  ("st1" .
   [1 0 0])
  ("td" .
   [4 0])
  ("check_multiple_edge" .
   [0 0 0 0 0 0 2 0 0 0 0 0 0 0 0 0 0 0 0])
  ("R_MAX" .
   [2 0 0 0 0])
  ("R_MIN" .
   [2 0 0 0 0])
  ("forn" .
   [1 0 0 0])
  ("b_MAX" .
   [2 0 0 0 0])
  ("b_MIN" .
   [2 0 0 0 0])
  ("K_MAX" .
   [1 0 0 0 0])
  ("K_MIN" .
   [1 0 0 0 0])
  ("readSpace" .
   [9 0 0 0 0 1 1 1 0])
  ("readInt" .
   [20 0 0 0 0 2 2])
  ("inf" .
   [45 0 0])
  ("input" .
   [14 0 0 0 0])
  ("ensuref" .
   [12 0 0 1 0 0 0])
  ("doubl" .
   [6 0 0 0 0])
  ("readEoln" .
   [9 0 0 0 0 0 1 0])
  ("MAX_" .
   [0 0 0 1])
  ("float" .
   [0 0 0 0 1])
  ("state" .
   [40 0 0 0 0])
  ("rnd" .
   [17 0 0])
  ("register" .
   [0 0 0 0 0 0 0 11])
  ("testlib.h" .
   [12 0 0 0 0 0 0 0 0])
  ("DATA_FILENAME" .
   [0 0 1 0 0 0 0 0 0 0 0 0 0])
  ("startTime" .
   [0 0 0 0 0 1 0 0 0])
  ("sys/time.h" .
   [1 0 0 0 0 0 0 0 0 0])
  ("Settlement" .
   [0 0 3 1 0 0 0 0 0 3])
  ("crypt" .
   [2 0 0 0 6])
  ("encode" .
   [3 0 0 0 0 0])
  ("systime" .
   [7 0 0 5 0 0 0])
  ("animal" .
   [1 0 0 0 0 0])
  ("human" .
   [1 0 0 0 0])
  ("sp" .
   [9 0])
  ("ts" .
   [3 0])
  ("3LL" .
   [1 0 0])
  ("recipro" .
   [0 0 0 1 1 0 0])
  ("square" .
   [0 0 2 0 0 0])
  ("width" .
   [8 0 0 7 1])
  ("NUM" .
   [5 0 0])
  ("SUBJ" .
   [3 0 0 0])
  ("stu" .
   [6 0 0])
  ("j" .
   [1])
  ("choco" .
   [8 0 0 3 0])
  ("drop" .
   [1 0 0 0])
  ("npoint" .
   [3 0 0 0 0 0])
  ("deg" .
   [37 0 0])
  ("pivot" .
   [1 0 0 3 0])
  ("non_zero" .
   [0 0 0 6 0 0 0 0])
  ("gauss_jordan" .
   [0 0 1 1 0 0 0 0 0 0 0 0])
  ("go" .
   [2 0])
  ("getSize" .
   [0 0 0 2 0 0 0])
  ("make_table" .
   [0 0 0 0 2 0 0 0 0 0])
  ("level" .
   [7 0 0 0 1])
  ("get_farthest_point" .
   [1 0 0 0 0 4 0 0 0 0 0 0 0 0 0 0 0 0])
  ("get_tree_diameter" .
   [0 0 0 0 3 0 0 0 0 0 0 0 0 0 0 0 2])
  ("Edges" .
   [2 0 0 0 0])
  ("BIT" .
   [12 0 0])
  ("set_fact" .
   [0 0 0 0 1 0 0 0])
  ("mod_comb" .
   [9 0 0 0 1 0 1 5])
  ("carry" .
   [4 0 0 0 1])
  ("isupper" .
   [1 0 0 0 0 1 0])
  ("mx_n" .
   [0 0 1 1])
  ("pq" .
   [24 0])
  ("pll" .
   [10 0 0])
  ("inc" .
   [3 0 2])
  ("print_route" .
   [1 0 0 0 0 0 0 0 0 0 0])
  ("route" .
   [8 0 0 0 0])
  ("in_field" .
   [0 0 1 6 4 2 0 5])
  ("get_route" .
   [1 0 0 0 0 0 0 0 0])
  ("que" .
   [35 0 1])
  ("get_max_block" .
   [0 0 0 0 1 0 0 1 0 0 0 0 0])
  ("R_size" .
   [2 0 0 0 0 0])
  ("L_size" .
   [3 0 0 0 0 0])
  ("right" .
   [17 0 1 4 2])
  ("merge_sort" .
   [0 0 4 0 0 0 0 0 0 0])
  ("clock" .
   [1 0 0 0 0])
  ("MAX_VALUE" .
   [0 0 0 0 0 2 1 0 0])
  ("swap" .
   [7 0 0 0])
  ("selection_sort" .
   [0 0 0 1 1 0 0 0 0 0 0 0 0 0])
  ("MAX_ELEMENT" .
   [0 0 0 0 2 1 0 0 0 0 1])
  ("Trie" .
   [11 0 0 0])
  ("dfs2" .
   [11 0 0 0])
  ("cups" .
   [2 0 0 0])
  ("Cups" .
   [2 0 0 0])
  ("Cup" .
   [1 0 0])
  ("rotation" .
   [2 0 0 0 0 0 0 0])
  ("close" .
   [14 0 0 1 1])
  ("prim" .
   [1 0 0 0])
  ("binary_search" .
   [0 0 0 0 2 0 0 0 0 0 0 0 3])
  ("convex_hull" .
   [2 0 0 0 0 10 0 0 0 0 0])
  ("stringstream" .
   [3 0 0 0 0 0 0 0 1 0 0 0])
  ("longest_palindrome" .
   [0 0 0 0 0 0 0 1 0 0 0 0 0 0 0 0 0 0])
  ("search" .
   [1 0 2 5 0 0])
  ("cup" .
   [13 0 0])
  ("isParallelSS" .
   [0 0 0 1 0 0 0 0 0 0 0 0])
  ("is_finish" .
   [0 0 0 1 0 0 0 0 0])
  ("islower" .
   [2 0 1 1 3 0 0])
  ("ang" .
   [13 0 0])
  ("COUNTER_CLOCKWISE" .
   [0 0 0 4 1 1 0 0 0 0 0 0 0 0 0 0 0])
  ("ccw" .
   [35 0 0])
  ("in_triangle" .
   [0 0 0 1 0 0 0 0 0 0 0])
  ("crosspointLL" .
   [2 0 0 0 0 0 0 4 0 0 1 1])
  ("getPerpendicularBisector" .
   [0 0 0 0 1 0 0 0 0 0 0 0 0 0 0 0 0 0 0 0 0 0 0 0])
  ("Line" .
   [64 0 0 1])
  ("round" .
   [10 0 0 0 0])
  ("rount" .
   [2 0 0 0 0])
  ("smallest_enclosing_circle" .
   [0 0 0 1 0 0 0 0 0 0 0 0 0 0 0 0 0 0 0 0 0 0 0 0 0])
  ("debt" .
   [2 0 0 6])
  ("greater" .
   [0 0 0 6 8 1 0])
  ("mat" .
   [35 0 0])
  ("Lc1" .
   [1 0 0])
  ("Ra2" .
   [3 0 0])
  ("Rc1" .
   [6 0 0])
  ("ha1" .
   [1 0 0])
  ("hc1" .
   [1 0 0])
  ("Lc2" .
   [4 0 0])
  ("Rc2" .
   [3 0 0])
  ("La2" .
   [8 0 0])
  ("Lb1" .
   [2 0 0])
  ("Rb1" .
   [2 0 0])
  ("La1" .
   [3 0 0])
  ("Ra1" .
   [3 0 0])
  ("hb2" .
   [1 0 0])
  ("hb" .
   [1 0])
  ("ha" .
   [1 0])
  ("ha2" .
   [5 0 0])
  ("get_hash" .
   [0 0 0 0 2 0 0 0])
  ("mod_inverse" .
   [0 0 0 0 1 0 0 1 0 1 1])
  ("mod" .
   [9 0 0])
  ("comb" .
   [4 0 0 0])
  ("begin" .
   [51 0 0 0 2])
  ("d2b" .
   [3 0 1])
  ("bit_cnt" .
   [3 0 0 0 2 0 0])
  ("nbits" .
   [2 0 0 0 0])
  ("bits" .
   [20 0 0 0])
  ("reverse" .
   [2 0 0 0 3 2 3])
  ("hist" .
   [4 0 0 0])
  ("h" .
   [6])
  ("o_idx" .
   [0 0 6 0 0])
  ("e_idx" .
   [1 1 3 1 0])
  ("voronoi" .
   [0 0 0 0 1 0 0])
  ("unordered_" .
   [0 0 0 0 1 0 0 0 0 0])
  ("unordered_set" .
   [0 0 0 0 4 0 1 0 0 0 2 0 0])
  ("ninv" .
   [2 0 0 0])
  ("sat" .
   [4 0 0])
  ("get_sat" .
   [0 0 0 0 1 0 0])
  ("inv" .
   [17 0 0])
  ("dp2" .
   [29 0 0])
  ("cycle" .
   [6 0 0 0 3])
  ("cycles" .
   [8 0 0 0 0 1])
  ("LLONG_MAX" .
   [0 0 0 0 0 2 0 0 0])
  ("kruskal" .
   [2 0 0 13 2 0 0])
  ("max_cost" .
   [5 0 0 0 0 0 0 0])
  ("comp" .
   [9 0 0 0])
  ("MAX_E" .
   [7 0 0 0 0])
  ("rnk" .
   [18 0 0])
  ("is_hamiltonian_path" .
   [0 0 0 2 0 0 0 0 0 0 0 0 0 0 0 0 0 0 0])
  ("nc" .
   [17 0])
  ("nl" .
   [5 0])
  ("nk" .
   [2 0])
  ("imos" .
   [5 0 0 0])
  ("sub" .
   [8 0 2])
  ("zig" .
   [1 0 0])
  ("nup" .
   [12 0 0])
  ("make_tuple" .
   [1 0 0 0 2 4 1 1 0 0])
  ("tw" .
   [2 0])
  ("change_string" .
   [0 0 0 0 0 0 0 1 0 0 0 0 0])
  ("draw" .
   [8 0 0 0])
  ("can" .
   [1 0 0])
  ("sho" .
   [0 0 1])
  ("flg" .
   [10 0 0])
  ("shoot" .
   [14 0 0 0 2])
  ("END" .
   [2 0 0])
  ("exist_b" .
   [0 1 1 1 0 0 0])
  ("use_b" .
   [3 0 0 0 2])
  ("isPrime" .
   [1 0 4 4 0 0 0])
  ("tab" .
   [5 0 0])
  ("COCOA" .
   [10 0 0 0 0])
  ("CHINO" .
   [19 0 0 1 0])
  ("from" .
   [63 0 0 0])
  ("rev" .
   [17 0 0])
  ("void" .
   [0 0 0 1])
  ("max_flow" .
   [13 0 0 0 0 5 1 0])
  ("heart" .
   [6 0 0 0 0])
  ("max_s" .
   [20 0 0 0 0])
  ("scanf" .
   [21 0 0 0 0])
  ("min_cost" .
   [24 0 0 0 4 3 2 34])
  ("curr_c" .
   [0 0 0 0 1 0])
  ("bidx" .
   [1 0 0 0])
  ("dn" .
   [4 0])
  ("MAX_K" .
   [4 0 0 0 0])
  ("dng" .
   [20 0 0])
  ("cnt2" .
   [8 0 0 0])
  ("ptr" .
   [3 0 0])
  ("ti" .
   [21 0])
  ("si" .
   [9 0])
  ("MOD" .
   [105 0 0])
  ("typedef" .
   [0 0 0 0 0 0 1])
  ("queue" .
   [23 0 0 1 6])
  ("rec" .
   [48 0 0])
  ("get_dist" .
   [3 0 0 0 6 2 0 1])
  ("nf" .
   [1 0])
  ("put" .
   [3 0 0])
  ("goal" .
   [3 0 0 1])
  ("vector" .
   [692 0 0 0 1 14])
  ("dst" .
   [12 0 0])
  ("src" .
   [33 0 0])
  ("warshall_floyd" .
   [0 0 1 0 0 0 0 0 0 0 0 0 0 0])
  ("1872000LL" .
   [1 0 0 0 0 0 0 0 0])
  ("fairfield" .
   [1 0 0 5 0 0 0 0 5])
  ("month" .
   [4 0 0 0 0])
  ("is_leap" .
   [1 0 0 2 1 1 0])
  ("unit" .
   [5 0 0 0])
  ("m2a" .
   [2 0 0])
  ("a2m" .
   [2 0 0])
  ("MAX_P" .
   [1 0 1 0 1])
  ("Edge" .
   [119 0 0 0])
  ("vertex" .
   [0 0 0 1 0 0])
  ("node" .
   [37 0 0 0])
  ("multi_edge" .
   [0 0 0 2 0 0 0 0 0 0])
  ("rel" .
   [11 0 0])
  ("loop" .
   [2 0 0 0])
  ("dijkstra" .
   [0 0 0 9 0 0 0 0])
  ("isIntersectCP" .
   [0 0 1 0 0 0 0 0 0 0 0 0 1])
  ("poss" .
   [22 0 0 0])
  ("cp" .
   [36 0])
  ("crosspointCC" .
   [0 0 0 0 0 1 0 0 0 0 1 1])
  ("cirs" .
   [33 0 0 0])
  ("Circle" .
   [18 0 2 15 4 0])
  ("get_ex" .
   [0 0 0 0 2 0])
  ("max_ex" .
   [1 0 0 0 0 2])
  ("exp" .
   [6 0 0])
  ("height" .
   [14 0 6 4 1 1])
  ("number" .
   [5 0 0 5 0 2])
  ("V" .
   [3])
  ("c2" .
   [7 0])
  ("c1" .
   [7 0])
  ("c" .
   [36])
  ("n2" .
   [8 0])
  ("n1" .
   [7 0])
  ("n" .
   [18])
  ("second" .
   [86 0 1 1 1 5])
  ("nb" .
   [14 0])
  ("na" .
   [13 0])
  ("bfs" .
   [29 0 0])
  ("slen" .
   [5 0 0 0])
  ("nw2" .
   [3 0 0])
  ("nh2" .
   [3 0 0])
  ("nw1" .
   [3 0 0])
  ("nh1" .
   [3 0 0])
  ("get_cost" .
   [3 0 0 5 7 0 0 0])
  ("ch2" .
   [1 0 0])
  ("num_cnt" .
   [1 0 0 4 2 0 0])
  ("tmp2" .
   [1 0 0 0])
  ("roll_W" .
   [4 0 0 0 0 0])
  ("roll_S" .
   [5 0 0 0 0 0])
  ("roll_E" .
   [4 0 0 0 0 0])
  ("roll" .
   [18 0 0 0])
  ("roll_N" .
   [5 0 0 0 0 0])
  ("fi" .
   [7 0])
  ("dice" .
   [20 0 0 0])
  ("Dice" .
   [32 0 0 0])
  ("temp" .
   [0 0 0 1])
  ("namespace" .
   [0 0 0 2 0 0 0 0 7])
  ("__gcd" .
   [18 0 0 0 0])
  ("left" .
   [19 0 0 3])
  ("lcm" .
   [24 0 0])
  ("make_tree" .
   [0 0 0 0 0 0 0 0 4])
  ("t3" .
   [2 0])
  ("ntree" .
   [2 0 0 0 0])
  ("v" .
   [14])
  ("NULL" .
   [20 0 0 0])
  ("tree" .
   [5 0 0 0])
  ("strin" .
   [12 0 0 0 0])
  ("is_noblock" .
   [0 0 0 1 0 0 0 0 0 0])
  ("fail" .
   [8 0 0 0])
  ("parts" .
   [23 0 0 3 0])
  ("make_diagram" .
   [0 0 0 0 2 0 0 0 0 0 0 0])
  ("h_max" .
   [5 0 0 0 0])
  ("h_min" .
   [8 0 0 0 0])
  ("w_max" .
   [6 0 0 0 0])
  ("w_min" .
   [5 0 0 0 1])
  ("target" .
   [70 0 1 26 0 3])
  ("1e9" .
   [1 0 0])
  ("use" .
   [2 0 0])
  ("cut" .
   [3 0 0])
  ("even2" .
   [2 0 0 0 0])
  ("odd2" .
   [2 0 0 0])
  ("upper_bound" .
   [0 0 1 2 1 3 0 1 0 0 8])
  ("Node" .
   [59 0 0 0])
  ("Tree" .
   [26 0 0 0])
  ("MAX_D" .
   [7 0 0 0 0])
  ("parade_cnt" .
   [1 0 0 0 7 0 0 0 0 0])
  ("can_put" .
   [1 0 0 0 0 0 1])
  ("put_block" .
   [0 0 0 1 2 0 0 0 0])
  ("max_j" .
   [3 0 0 0 0])
  ("throw" .
   [0 0 0 0 1])
  ("pins" .
   [11 0 0 0])
  ("throw_cnt" .
   [4 0 0 0 0 0 0 1 0])
  ("pin" .
   [7 0 0])
  ("0xFF" .
   [4 0 0 0])
  ("area" .
   [17 0 0 0])
  ("mx" .
   [11 0])
  ("resize" .
   [47 0 0 2 0 1])
  ("get_max_area" .
   [0 0 0 0 4 0 0 0 0 0 0 0])
  ("ace_cnt" .
   [2 0 0 0 2 0 0])
  ("ace" .
   [2 0 0])
  ("is_blackjack" .
   [0 0 0 1 0 0 0 0 0 0 0 0])
  ("pile" .
   [11 0 2 0])
  ("cards" .
   [32 0 0 7 0])
  ("offside_player" .
   [0 0 0 6 0 0 0 0 0 0 0 0 0 0])
  ("team" .
   [2 0 0 0])
  ("page_name" .
   [3 0 0 0 0 3 0 0 2])
  ("pages" .
   [8 0 0 0 0])
  ("ignore" .
   [10 0 1 0 0 0])
  ("break_time" .
   [1 0 0 0 0 0 1 0 0 0])
  ("finish_time" .
   [0 0 0 1 1 0 0 0 0 0 0])
  ("lunch_break" .
   [0 0 1 0 1 0 0 0 0 0 0])
  ("current_time" .
   [0 0 0 1 3 0 0 0 0 0 0 0])
  ("dep" .
   [73 0 0])
  ("to_plural_form" .
   [0 0 0 1 0 0 0 0 0 0 0 0 0 0])
  ("word" .
   [4 0 0 0])
  ("get_ip_addrs" .
   [0 0 0 1 0 0 0 0 0 0 0 0])
  ("_ip" .
   [1 0 0])
  ("i2s" .
   [3 0 1])
  ("s4" .
   [2 0])
  ("s3" .
   [7 0])
  ("integer" .
   [0 0 0 0 2 0 0])
  ("oct" .
   [4 0 0])
  ("ip" .
   [8 0])
  ("ip_addrs" .
   [0 0 0 1 3 0 1 0])
  ("update" .
   [129 0 1 0 0 0])
  ("MAX_W" .
   [39 0 0 0 1])
  ("MAX_H" .
   [37 0 3 4 12])
  ("lot" .
   [1 0 0])
  ("day_idx" .
   [2 0 0 0 0 0 1])
  ("min_average" .
   [0 0 0 0 0 1 0 1 0 0 0])
  ("check_range" .
   [0 0 0 0 0 1 0 0 1 0 2])
  ("sstream" .
   [9 0 0 0 0 0 0])
  ("is_ip_addr" .
   [0 0 0 2 0 0 0 0 0 0])
  ("pr" .
   [5 0])
  ("remainder" .
   [0 0 0 0 1 0 1 0 0])
  ("average" .
   [9 0 0 1 0 1 2])
  ("len2" .
   [1 0 0 0])
  ("len1" .
   [1 0 0 0])
  ("prob1" .
   [2 0 0 0 0])
  ("prob2" .
   [3 0 0 0 1])
  ("finished" .
   [4 0 0 0 0 1 1 0])
  ("min_cost_flow" .
   [0 0 0 1 0 0 5 0 4 0 0 0 3])
  ("ss" .
   [75 0])
  ("is_pare" .
   [1 0 0 1 0 0 0])
  ("lca" .
   [4 0 0])
  ("path" .
   [27 0 0 0])
  ("push" .
   [36 0 0 6])
  ("get_digit" .
   [0 0 0 0 0 0 3 0 0])
  ("get_num" .
   [2 0 0 6 10 0 5])
  ("start" .
   [28 0 0 0 0])
  ("num" .
   [234 0 1])
  ("mid" .
   [250 0 0])
  ("MAX_V" .
   [25 0 1 8 9])
  ("Vector" .
   [32 0 0 0 0 4])
  ("cross_point" .
   [0 0 0 0 0 0 9 0 0 0 0])
  ("crosspointSS" .
   [0 0 0 0 0 0 0 3 0 0 0 0])
  ("cross" .
   [4 0 0 0 4])
  ("rects" .
   [8 0 0 0 0])
  ("isIntersectSS" .
   [0 0 0 1 2 0 0 0 0 0 0 0 2])
  ("sides" .
   [18 0 0 0 0])
  ("Rect" .
   [5 0 0 0])
  ("op" .
   [2 0])
  ("st2" .
   [13 0 0])
  ("s2i" .
   [25 0 0])
  ("memo" .
   [106 0 0 0])
  ("v2" .
   [25 0])
  ("p2" .
   [20 0])
  ("p1" .
   [27 0])
  ("p" .
   [9])
  ("pop_back" .
   [0 0 0 0 1 0 0 16])
  ("e" .
   [3])
  ("s" .
   [45])
  ("isdigit" .
   [4 0 4 1 17 1 9])
  ("b" .
   [5])
  ("Calc3" .
   [1 0 0 0 0])
  ("10LL" .
   [8 0 0 0])
  ("ll" .
   [67 0])
  ("f0" .
   [5 0])
  ("assert" .
   [4 0 0 0 0 0])
  ("f1" .
   [1 0])
  ("c22" .
   [1 0 0])
  ("f2" .
   [3 0])
  ("f3" .
   [1 0])
  ("r2" .
   [1 0])
  ("r" .
   [6])
  ("Calc22" .
   [1 0 0 0 0 0])
  ("it" .
   [71 0])
  ("prev_d" .
   [2 0 0 0 0 0])
  ("vis" .
   [4 0 0])
  ("MAX_C" .
   [23 0 0 0 0])
  ("MAX_R" .
   [12 0 0 0 0])
  ("ns" .
   [29 1])
  ("flower" .
   [1 0 0 0 0 0])
  ("substr" .
   [3 0 0 1 0 0])
  ("is_choku" .
   [0 0 0 3 0 0 0 0])
  ("name" .
   [122 0 0 0])
  ("bipartite_matching" .
   [0 0 1 0 5 2 0 0 0 0 0 0 0 0 0 0 0 0])
  ("add_edge" .
   [2 0 0 85 31 1 0 3])
  ("cstring" .
   [41 0 0 0 0 0 0])
  ("inField" .
   [0 0 0 5 2 0 1])
  ("reachable" .
   [2 0 0 5 1 2 0 0 2])
  ("field" .
   [28 0 2 53 41])
  ("pt" .
   [58 2])
  ("i" .
   [104])
  ("rbegin" .
   [0 0 0 1 0 0])
  ("gcd" .
   [13 0 0])
  ("prime_factor" .
   [0 0 0 0 0 7 3 0 0 0 0 0])
  ("solve" .
   [230 0 0 4 1])
  ("divisor" .
   [1 0 1 0 1 0 0])
  ("div" .
   [5 0 0])
  ("pattern" .
   [14 0 0 0 0 10 0])
  ("stdc" .
   [39 0 0 0])
  ("return" .
   [0 0 0 2 0 33])
  ("get_dig" .
   [1 0 0 0 0 0 0])
  ("dig" .
   [31 0 0])
  ("dj" .
   [1 0])
  ("nj" .
   [5 0])
  ("di" .
   [4 0])
  ("ni" .
   [38 0])
  ("change_pixel" .
   [0 0 0 0 0 0 1 0 0 0 0 0])
  ("idx" .
   [466 0 0])
  ("bit" .
   [108 0 0])
  ("Mat" .
   [51 0 0])
  ("Vec" .
   [66 0 0])
  ("after" .
   [13 0 2 0 0])
  ("before" .
   [9 0 0 5 3 1])
  ("get_binary_value" .
   [0 0 1 0 1 0 0 0 0 0 0 0 0 0 0 0])
  ("check" .
   [58 0 0 0 1])
  ("istream" .
   [4 0 0 2 0 0 1])
  ("good" .
   [2 0 0 0])
  ("table" .
   [5 0 0 0 0])
  ("distanceSP" .
   [0 0 0 1 0 2 1 0 0 0])
  ("Segment" .
   [37 1 2 41 2 3 1])
  ("res" .
   [907 1 0])
  ("abs" .
   [48 0 0])
  ("norm" .
   [4 0 0 0])
  ("stars" .
   [2 0 0 0 0])
  ("can_watch" .
   [0 0 0 1 0 0 0 0 0])
  ("the" .
   [64 0 0])
  ("ma" .
   [0 1])
  ("Point" .
   [294 0 6 0 1])
  ("struct" .
   [0 0 1 1 0 5])
  ("cmath" .
   [36 0 0 0 0])
  ("iosfwd" .
   [0 0 0 0 0 3])
  ("cnt" .
   [359 0 0])
  ("common_probs" .
   [0 0 0 0 2 0 0 0 0 0 0 0])
  ("is_common" .
   [0 0 0 2 0 0 0 0 0])
  ("continue" .
   [1 0 0 0 16 43 3 291])
  ("const" .
   [0 0 0 2 29])
  ("ui_probs" .
   [2 0 0 0 0 1 0 0])
  ("users" .
   [2 0 0 0 0])
  ("size_t" .
   [28 0 0 1 0 5])
  ("user2" .
   [1 0 0 0 0])
  ("user1" .
   [1 0 0 0 0])
  ("user_search_API" .
   [0 0 0 0 0 0 0 0 0 2 0 0 0 0 0])
  ("u2" .
   [2 0])
  ("u1" .
   [4 0])
  ("prob" .
   [1 0 0 0])
  ("a" .
   [14])
  ("probs" .
   [1 0 0 0 0])
  ("User" .
   [22 0 0 0])
  ("std" .
   [1974 0 3])
  ("difference_problems" .
   [1 0 0 0 1 0 0 0 0 0 0 0 0 0 0 0 0 0 6])
  ("unistd.h" .
   [2 0 0 0 0 0 0 0])
  ("tc" .
   [43 0])
  ("print" .
   [25 0 0 0 0])
  ("iostream" .
   [258 0 0 0 1 0 0 16])
  ("main" .
   [440 2 1 10])
  ("vec" .
   [199 2 18])
  ("typeid" .
   [0 0 1 0 0 12])
  ("pii" .
   [338 0 0])
  ("fixt" .
   [1 0 0 0])
  ("len" .
   [66 0 3])
  ("t" .
   [137])
  ("fr" .
   [5 0])
  ("front" .
   [18 0 0 0 0])
  ("fr2" .
   [2 0 0])
  ("while" .
   [0 3 2 3 41])
  ("push_back" .
   [1 0 0 0 2 2 0 2 188])
  ("nQ" .
   [2 0])
  ("nt" .
   [22 0])
  ("sum" .
   [585 0 0])
  ("cost" .
   [332 1 0 2])
  ("INF" .
   [284 0 0])
  ("f" .
   [128])
  ("nQ2" .
   [4 0 0])
  ("stdio.h" .
   [44 0 0 0 0 0 2])
  ("stdarg.h" .
   [2 0 0 0 0 0 0 0])
  ("func" .
   [7 0 0 0])
  ("str" .
   [248 0 1])
  ("argc" .
   [9 0 0 0])
  ("printf" .
   [184 0 1 1 5 5])
  ("bits/" .
   [0 0 0 0 1])
  ("puz" .
   [9 0 0])
  ("to_num" .
   [3 0 0 7 0 0])
  ("init_val" .
   [4 0 0 0 1 0 0 0])
  ("visited" .
   [153 0 0 18 26 1 12])
  ("State" .
   [141 0 0 0 0])
  ("val" .
   [47 0 0])
  ("st" .
   [318 1])
  ("LIMIT" .
   [45 0 1 0 0])
  ("final_val" .
   [3 0 0 0 0 0 1 0 0])
  ("ch" .
   [29 0])
  ("DOCTYPE" .
   [1 0 0 0 0 0 0])
  ("html" .
   [1 0 0 0])
  ("head" .
   [7 0 0 0])
  ("body" .
   [2 0 0 0])
  ("priority_queue" .
   [0 0 0 0 3 3 0 0 0 0 0 0 1 26])
  ("MAX" .
   [443 0 2])
  ("weight1" .
   [0 0 0 0 0 0 4])
  ("weight2" .
   [4 0 0 0 0 0 4])
  ("calc" .
   [28 0 0 0])
  ("vecto" .
   [22 0 0 0 0])
  ("ncost" .
   [50 0 1 0 0])
  ("weight" .
   [2 0 8 0 0 1])
  ("$str" .
   [2 0 0 0])
  ("1e12" .
   [8 0 0 0])
  ("algorithm" .
   [8 0 0 1 0 0 0 0 64])
  ("Country" .
   [2 0 1 1 0 2 1])
  ("count" .
   [37 0 0 0 7])
  ("country" .
   [6 0 0 0 1 0 6])
  ("min_dist" .
   [5 0 0 0 0 4 0 2])
  ("min_time" .
   [7 0 0 0 0 0 0 0])
  ("cstdio" .
   [23 0 0 0 0 0])
  ("dist" .
   [126 0 2 0])
  ("get_distance" .
   [0 0 0 0 1 0 0 0 0 0 0 0])
  ("double" .
   [0 0 0 7 1 16])
  ("ntime" .
   [3 0 0 0 0])
  ("EPS" .
   [46 0 0])
  ("cap" .
   [73 0 0])
  ("cur" .
   [113 0 0])
  ("min_p" .
   [17 0 0 0 0])
  ("is_finished" .
   [0 0 0 3 0 1 0 0 0 0 0])
  ("max_p" .
   [10 0 0 0 0])
  ("possible" .
   [0 0 0 0 2 2 0 0])
  ("mini" .
   [65 0 0 0])
  ("min_element" .
   [0 0 0 0 0 0 1 2 0 0 2])
  ("maxi" .
   [43 0 0 0])
  ("sort" .
   [15 0 0 3])
  ("Deg" .
   [24 0 0])
  ("Dis" .
   [29 0 0])
  ("get_wind_dir" .
   [0 0 0 0 0 0 0 0 0 0 1 1])
  ("get_wind_power" .
   [1 0 0 0 0 0 0 0 0 0 0 1 0 0])
  ("wind_power" .
   [0 0 0 0 0 0 0 2 0 0])
  ("wind_dir" .
   [0 0 0 0 0 0 0 2])
  ("rate" .
   [12 0 0 0])
  ("arr" .
   [17 0 0])
  ("init" .
   [64 0 0 0])
  ("found" .
   [42 0 0 0 0])
  ("bug_cnt" .
   [1 0 1 1 0 0 0])
  ("ave" .
   [6 0 0])
  ("nstr" .
   [6 0 0 0])
  ("between" .
   [1 0 0 0 1 0 0])
  ("day" .
   [56 0 0])
  ("fee" .
   [5 0 0])
  ("min_manhattan" .
   [0 0 0 0 0 0 1 0 0 0 0 0 0])
  ("max_manhattan" .
   [0 0 0 0 0 0 1 0 0 0 0 0 0])
  ("dir" .
   [76 0 0])
  ("get_manhattan_distance" .
   [0 0 0 2 2 0 0 0 0 0 0 0 0 0 0 0 0 0 0 0 0 0])
  ("dx" .
   [13 0])
  ("dy" .
   [13 0])
  ("move" .
   [11 0 0 0])
  ("max_dist" .
   [4 0 0 0 0 5 0 1])
  ("fori" .
   [11 0 0 12])
  ("MAX_M" .
   [35 0 0 2 2])
  ("MAX_N" .
   [91 0 1 14 13])
  ("get_time" .
   [0 0 0 1 0 3 0 3])
  ("Next" .
   [4 0 0 0])
  ("prev" .
   [107 0 0 0])
  ("vis_cnt" .
   [1 0 0 1 0 0 0])
  ("list" .
   [8 0 0 1])
  ("il" .
   [5 0])
  ("get_val" .
   [9 0 0 0 9 0 7])
  ("iterator" .
   [3 0 0 0 0 1 0 1])
  ("iter" .
   [3 0 0 2])
  ("next" .
   [380 0 0 2])
  ("Calc" .
   [7 0 0 0])
  ("dfs" .
   [169 0 0])
  ("unite" .
   [24 0 0 0 1])
  ("used" .
   [187 0 0 0])
  ("same" .
   [33 0 0 0])
  ("cross_points" .
   [1 0 0 0 0 0 3 0 0 0 0 1])
  ("y2" .
   [0 1])
  ("alen" .
   [9 0 0 0])
  ("blen" .
   [10 0 0 0])
  ("get_max" .
   [2 0 0 0 7 0 0])
  ("rect" .
   [1 0 0 0])
  ("com" .
   [14 0 0])
  ("np" .
   [5 0])
  ("cin" .
   [88 0 1])
  ("change" .
   [30 0 0 0 1 0])
  ("even" .
   [34 0 0 3])
  ("odd" .
   [44 0 0])
  ("c2i" .
   [12 0 0])
  ("get_min" .
   [3 0 0 0 1 0 0])
  ("max_time" .
   [0 0 0 0 0 0 1 2])
  ("tim" .
   [26 0 0])
  ("include" .
   [0 0 0 0 7 0 25])
  ("define" .
   [0 0 0 0 0 5])
  ("card" .
   [7 0 0 0])
  ("point" .
   [156 0 0 1 5])
  ("player" .
   [1 0 0 1 2 0])
  ("o_y" .
   [8 0 2])
  ("theta" .
   [11 0 0 0 0])
  ("to_rad" .
   [5 0 0 7 0 2])
  ("angle" .
   [5 0 0 5 0])
  ("cos" .
   [7 0 0])
  ("arrow_orbit" .
   [0 0 0 1 0 0 0 0 0 0 1])
  ("pos" .
   [84 0 0])
  ("digit" .
   [8 0 0 0 2])
  ("valid" .
   [3 0 0 0 0])
  ("symmetry" .
   [0 0 0 6 0 0 0 0])
  ("score" .
   [24 0 0 1 0])
  ("max_point" .
   [2 0 0 0 0 0 0 0 4])
  ("get_point" .
   [1 0 0 3 12 0 0 0 6])
  ("fall" .
   [4 0 0 0])
  ("MAX_X" .
   [1 0 0 0 0])
  ("MAX_Y" .
   [2 0 0 0 0])
  ("MAX_Z" .
   [2 0 0 0 0])
  ("block" .
   [2 0 0 0 0])
  ("is_block" .
   [0 0 0 2 0 0 1 1])
  ("get_rank" .
   [0 0 0 0 0 0 1 0])
  ("counter" .
   [22 0 0 0 0 0 0])
  ("is_ast" .
   [2 0 0 0 0 1])
  ("FOUR_CARD" .
   [0 0 0 0 2 0 0 0 0])
  ("ThreeCard" .
   [1 0 0 0 0 0 0 0 0])
  ("THREE_CARD" .
   [0 0 2 0 0 0 0 0 0 0])
  ("TWO_PAIR" .
   [0 0 0 1 0 0 0 0])
  ("ONE_PAIR" .
   [0 0 1 2 0 0 0 0])
  ("NO_PAIR" .
   [0 0 2 0 0 0 0])
  ("result" .
   [15 0 0 0 9 14])
  ("tmp" .
   [91 0 0])
  ("insert" .
   [46 0 0 2 0 2])
  ("length" .
   [0 0 3 3 1 2])
  ("max_element" .
   [0 0 0 0 1 1 0 1 1 0 1])
  ("sqrt" .
   [16 0 0 0])
  ("ceil" .
   [13 0 0 0])
  ("is_rabbit" .
   [1 0 0 0 0 1 0 2 0])
  ("npos" .
   [22 0 0 0])
  ("coin" .
   [8 0 0 0])
  ("total_money" .
   [0 0 0 0 0 2 1 0 0 0 0])
  ("next_coin" .
   [0 0 0 0 0 0 0 1 6])
  ("value" .
   [17 0 3 0 1])
  ("back_x" .
   [3 0 0 0 0 1])
  ("can_buy" .
   [0 0 0 1 0 0 0])
  ("MAX_G" .
   [1 0 0 0 0])
  ("group" .
   [3 0 0 0 0])
  ("deque" .
   [0 0 0 0 1])
  ("msg" .
   [32 0 0])
  ("msgs" .
   [5 0 0 0])
  ("1LL" .
   [20 0 0])
  ("nS" .
   [23 0])
  ("ng_node" .
   [0 0 2 0 0 0 0])
  ("is_adj" .
   [0 0 0 2 0 0])
  ("is_connect" .
   [0 0 0 3 1 1 0 0 0 0])
  ("strength" .
   [1 0 0 0 4 0 0 0])
  ("__builtin_popcount" .
   [0 0 2 0 2 0 0 0 0 0 0 0 0 0 0 0 0 6])
  ("par" .
   [47 0 0])
  ("rank" .
   [11 0 0 0])
  ("board" .
   [5 0 0 1 20])
  ("color" .
   [52 0 0 0 0])
  ("out_of_range" .
   [0 0 0 3 0 0 0 0 0 0 0 0])
  ("is" .
   [24 0])
  ("is_reverse" .
   [0 0 0 1 0 2 0 0 0 0])
  ("black" .
   [7 0 0 1 0])
  ("white" .
   [9 0 0 0 0])
  ("ny" .
   [28 0])
  ("nx" .
   [33 0])
  ("curr" .
   [293 0 0 1])
  ("make_pair" .
   [4 0 0 1 7 22 0 1 5])
  ("next_visit" .
   [0 0 0 1 0 0 0 0 0 1])
  ("can_move" .
   [1 0 0 13 1 0 0 1])
  ("next_cnt" .
   [3 0 0 0 0 0 0 0])
  ("move_dist" .
   [0 0 0 1 1 0 0 0 2])
  ("move_cnt" .
   [3 0 0 0 2 0 2 1])
  ("finish" .
   [5 0 0 0 1 0])
  ("a/b" .
   [1 0 0])
  ("Polygon" .
   [6 0 1 16 8 0 17])
  ("per" .
   [20 0 0])
  ("Hel" .
   [1 0 0])
  ("Hello" .
   [1 0 0 0 0])
  ("Wor" .
   [1 0 0])
  ("WorlD" .
   [1 0 0 0 0])
  ("World" .
   [1 0 0 0 0])
  ("php" .
   [1 0 0])
  ("circles" .
   [3 0 0 0 0 0 0])
  ("projection" .
   [0 0 0 0 0 2 1 0 0 1])
  ("print2" .
   [2 0 0 0 0 0])
  ("dp" .
   [152 0])
  ("get_black_number" .
   [0 0 0 0 1 0 0 0 0 0 0 0 0 0 0 0])
  ("black_num" .
   [0 0 0 1 0 1 0 0 0])
  ("to_sec" .
   [0 0 0 2 0 2])
  ("rail_cross" .
   [0 0 0 5 0 0 0 0 0 3])
  ("tuple" .
   [12 0 1 3 2])
  ("out" .
   [10 0 1])
  ("out2" .
   [2 0 0 0])
  ("in2" .
   [5 0 0])
  ("get_" .
   [0 0 0 2])
  ("in" .
   [13 0])
  ("last" .
   [11 0 0 0])
  ("is_same_char" .
   [0 0 0 0 0 1 0 0 0 0 0 0])
  ("curve" .
   [8 0 0 2 0])
  ("lower_bound" .
   [0 0 1 2 1 7 1 0 0 0 14])
  ("next1" .
   [7 0 0 0 1])
  ("next2" .
   [2 0 0 0 0])
  ("string.h" .
   [4 0 0 0 0 0 0 0])
  ("math.h" .
   [2 0 0 0 0 0])
  ("Y1" .
   [12 0])
  ("Y2" .
   [9 0])
  ("tx2" .
   [6 0 0])
  ("compress" .
   [12 0 0 0 0 0 2 0])
  ("fld" .
   [32 0 0])
  ("ty" .
   [9 0])
  ("tx" .
   [10 0])
  ("tx1" .
   [5 0 0])
  ("fld2" .
   [8 0 0 0])
  ("bubble_sort" .
   [0 0 1 0 3 0 0 0 0 0 0])
  ("Panel" .
   [22 0 0 0 1])
  ("names" .
   [3 0 0 0 0])
  ("parse" .
   [4 0 0 0 0])
  ("get_name" .
   [3 0 0 1 2 0 0 2])
  ("panel" .
   [12 0 0 0 0])
  ("child" .
   [22 0 0 4 1])
  ("get_panel" .
   [11 0 0 0 0 0 1 0 0])
  ("pan" .
   [2 0 0])
  ("depth" .
   [56 0 1 13 20])
  ("col" .
   [30 0 0])
  ("next_color" .
   [0 0 0 0 1 0 0 1 0 5])
  ("rem" .
   [64 0 0])
  ("th" .
   [19 0])
  ("get_the" .
   [2 0 0 0 0 0 0])
  ("is_corner" .
   [0 0 0 1 0 0 0 0 0])
  ("get_ang" .
   [3 0 0 0 0 0 0])
  ("rad" .
   [5 0 0])
  ("to" .
   [85 0])
  ("366LL" .
   [1 0 0 0 0])
  ("365LL" .
   [1 0 0 0 0])
  ("make_points" .
   [0 0 0 0 1 1 0 0 0 0 0])
  ("mind" .
   [5 0 0 0])
  ("sin" .
   [6 0 0])
  ("ids" .
   [3 0 0])
  ("id" .
   [13 0])
  ("grundy" .
   [0 0 0 0 2 0])
  ("user.h" .
   [1 0 0 0 0 0])
  ("affiliation" .
   [0 0 0 3 1 0 1 0 0 0 0])
  ("solved" .
   [2 0 0 0 0 5])
  ("solved_list" .
   [2 0 0 0 0 0 0 3 1 0 0])
  ("operator" .
   [0 0 1 3 0 3 0 33])
  ("getSolved" .
   [0 0 0 0 0 1 0 0 0])
  ("user_id" .
   [2 0 0 0 0 0 0])
  ("fact" .
   [29 0 0 0])
  ("make_fact" .
   [0 0 0 0 1 0 0 0 0])
  ("order" .
   [23 0 0 0 1])
  ("get_right_node" .
   [0 0 0 0 0 0 0 0 0 1 0 0 0 0])
  ("search_left_node" .
   [0 0 1 2 0 0 0 0 0 0 1 0 0 0 0 2])
  ("add_left" .
   [1 0 0 0 0 0 0 2])
  ("add_right" .
   [2 0 0 0 0 1 0 0 0])
  ("make_i_tree" .
   [0 0 0 0 0 0 2 0 0 0 0])
  ("Ra" .
   [1 0])
  ("Rb" .
   [1 0])
  ("search_right_node" .
   [0 0 0 0 0 0 0 0 1 1 0 0 0 0 0 0 0])
  ("cur_a" .
   [5 0 0 0 0])
  ("cur_b" .
   [5 0 0 0 0])
  ("X1" .
   [2 0])
  ("X2" .
   [2 0])
  ("d" .
   [13])
  ("nd" .
   [7 0])
  ("first" .
   [93 0 0 9 3])
  ("nm" .
   [5 0])
  ("segs" .
   [4 0 0 0])
  ("Graph" .
   [10 0 0 3 5])
  ("segmentArrangement" .
   [0 0 0 0 0 0 0 0 1 0 0 0 0 0 0 0 0 0])
  ("subV" .
   [6 0 0 0])
  ("minimum_steiner_tree" .
   [0 0 0 0 2 0 0 0 0 0 0 0 0 0 0 0 0 0 0 0])
  ("connect" .
   [5 0 0 0 12 11 2])
  ("used_a" .
   [2 0 0 0 0 0])
  ("used_b" .
   [2 0 0 0 0 0])
  ("get_root" .
   [1 0 0 0 1 0 0 0])
  ("seq" .
   [34 0 0])
  ("CHIYA" .
   [4 0 0 0 0])
  ("type" .
   [18 0 0 0])
  ("top" .
   [2 0 1])
  ("gold" .
   [3 0 0 0])
  ("Height" .
   [0 0 3 1 0 1])
  ("BMI" .
   [2 0 1])
  ("next_permutation" .
   [0 0 0 0 5 1 0 0 0 0 0 0 0 0 0 0])
  ("is_integer_area" .
   [0 0 0 1 0 0 0 0 0 0 0 0 0 0 0])
  ("max_aoki" .
   [1 0 0 0 0 0 0 1])
  ("used2" .
   [4 0 0 0 0])
  ("to_min" .
   [0 0 0 3 0 2])
  ("rain" .
   [10 0 0 0])
  ("to_string" .
   [14 0 0 0 0 2 0 1 1])
  ("to_time" .
   [1 0 0 0 0 1 0])
  ("int64" .
   [1 0 0 0 0])
  ("one" .
   [5 0 0])
  ("forbit" .
   [3 0 0 0 0 0])
  ("nforbit" .
   [1 0 0 0 0 0 0])
  ("MAX_F" .
   [2 0 0 0 0])
  ("count_south" .
   [0 0 0 0 0 0 1 0 0 0 0])
  ("money" .
   [4 0 1 1 8])
  ("FACE" .
   [1 0 0 0])
  ("pv" .
   [2 0])
  ("ps" .
   [14 0])
  ("Union_Find" .
   [1 0 0 7 4 2 0 0 0 1])
  ("gnum" .
   [7 0 0 0])
  ("min_cost2" .
   [8 0 0 0 0 0 0 0 0])
  ("get_x" .
   [6 0 0 0 0])
  ("con" .
   [20 0 0])
  ("unsigned" .
   [1 0 0 1 1 0 0 13])
  ("ull" .
   [40 0 0])
  ("hash" .
   [28 0 0 2])
  ("hash_e" .
   [5 0 0 0 0 0])
  ("rolling_hash" .
   [0 0 0 1 4 0 0 0 0 0 0 0])
  ("hash_t" .
   [15 0 0 0 0 0])
  ("total" .
   [13 0 0 0 0])
  ("len_e" .
   [6 0 0 0 0])
  ("mp" .
   [10 0])
  ("m1" .
   [2 0])
  ("m2" .
   [1 0])
  ("MAX_T" .
   [5 0 0 0 0])
  ("visited2" .
   [11 0 0 0 0 0 0 0])
  ("lim" .
   [10 0 0])
  ("switch" .
   [0 0 1 1 0 16])
  ("i2v" .
   [15 0 0])
  ("memset" .
   [13 0 0 2 0 3])
  ("v2i" .
   [12 0 0])
  ("add" .
   [84 0 0])
  ("key" .
   [2 0 0])
  ("data" .
   [115 0 0 0])
  ("stdlib.h" .
   [7 0 0 0 0 0 0 0])
  ("time.h" .
   [3 0 0 0 0 0])
  ("time" .
   [2 0 0 0])
  ("for" .
   [0 0 2])
  ("avg" .
   [13 0 0])
  ("n_gtavg" .
   [0 0 2 1 0 0 0])
  ("fib" .
   [6 0 0])
  ("dat" .
   [81 0 0])
  ("lch" .
   [21 0 0])
  ("rch" .
   [14 0 0])
  ("query" .
   [5 0 2 0 20])
  ("prevv" .
   [10 0 0 0 0])
  ("preve" .
   [12 0 0 0 0])
  ("min_d" .
   [12 0 0 0 0])
  ("ans_w" .
   [9 0 0 0 2])
  ("ans_h" .
   [10 0 0 0 0])
  ("HPi" .
   [2 0 0])
  ("HPm" .
   [1 0 0])
  ("dmg" .
   [3 0 0])
  ("prime" .
   [36 0 0 0 5])
  ("make_prime" .
   [0 0 0 0 0 1 0 0 0 0])
  ("known" .
   [5 0 0 0 0])
  ("G2" .
   [3 0])
  ("edge" .
   [41 0 0 0])
  ("get_result_amida" .
   [0 0 0 0 2 0 0 0 0 0 0 0 0 0 0 0])
  ("mxh" .
   [3 0 0])
  ("contain" .
   [9 0 0 0 0 1 1])
  ("_hash" .
   [3 0 0 0 0])
  ("piles" .
   [27 0 0 1 0])
  ("Pile" .
   [5 0 0 0])
  ("Piles" .
   [4 0 0 0 0])
  ("get_pos" .
   [0 0 0 2 5 0 0])
  ("asum" .
   [3 0 0 0])
  ("bsum" .
   [2 0 0 0])
  ("nasum" .
   [0 0 0 0 1])
  ("nbsum" .
   [1 0 1 0 0])
  ("isLeap" .
   [0 0 0 1 0 0])
  ("max_v" .
   [3 0 0 0 0])
  ("max_w" .
   [1 0 0 0 0])
  ("min_w" .
   [1 0 0 0 0])
  ("repl" .
   [1 0 0 0])
  ("stoi" .
   [9 0 0 0])
  ("isOrthogonalSS" .
   [0 0 0 1 0 0 0 0 0 0 0 0 0 0])
  ("io" .
   [3 0])
  ("pat" .
   [8 0 0])
  ("make_pat" .
   [0 0 0 0 1 0 0 0])
  ("merge" .
   [31 0 0 1 0])
  ("rv" .
   [5 0])
  ("co" .
   [9 0])
  ("is_vowel" .
   [0 0 0 1 0 0 0 0])
  ("sum2" .
   [1 0 0 0])
  ("sum1" .
   [1 0 0 0])
  ("diff" .
   [21 0 0 0])
  ("decided" .
   [2 0 0 0 0 0 0])
  ("two" .
   [1 0 0])
  ("zero" .
   [1 0 0 0])
  ("bits/stl_map.h" .
   [0 0 0 0 1 0 0 0 0 0 0 0 0 0])
  ("cm" .
   [1 0])
  ("minn" .
   [1 0 0 0])
  ("maxn" .
   [1 0 0 0])
  ("emplace_back" .
   [1 0 2 21 7 14 8 16 3 0 0 11])
  ("leaf" .
   [6 0 0 0])
  ("update_cost" .
   [0 0 0 0 1 0 0 0 0 0 0])
  ("MAX_LOG_V" .
   [0 0 0 0 0 2 0 2 3])
  ("parent" .
   [27 0 0 0 3 0])
  ("root" .
   [55 0 0 0])
  ("lca_init" .
   [0 0 0 1 0 0 0 0])
  ("JOI" .
   [7 0 0])
  ("0LL" .
   [10 0 0])
  ("x" .
   [3])
  ("RMQ" .
   [5 0 0])
  ("rmq" .
   [18 0 0])
  ("INT_MIN" .
   [5 0 0 0 0 0 0])
  ("INT_MAX" .
   [7 0 0 1 2 0 2])
  ("disconnect" .
   [0 0 0 4 1 0 0 0 0 0])
  ("ud_used" .
   [0 0 0 5 0 0 0])
  ("cnt_b" .
   [0 0 0 0 3])
  ("scc" .
   [1 0 0])
  ("cmp" .
   [24 0 0])
  ("pay" .
   [13 0 0])
  ("_500" .
   [4 0 0 0])
  ("wall" .
   [5 0 0 0])
  ("edges" .
   [26 0 0 0 0])
  ("edges2" .
   [4 0 0 0 0 0])
  ("mx2" .
   [1 0 0])
  ("largest" .
   [0 0 0 2 1 0 0])
  ("cake" .
   [1 0 0 0])
  ("avg_sub" .
   [0 0 0 0 1 0 4])
  ("ans" .
   [11 0 0])
  ("/Users/yanoyuuya/.oh-my-zsh" .
   [0 0 0 0 0 1 0 0 0 0 0 0 0 0 0 0 0 0 0 0 0 0 0 0 0 0 0])
  ("GOPATH" .
   [1 0 0 0 0 0])
  ("loc" .
   [7 0 0])
  ("FILE" .
   [4 0 0 0])
  ("exit" .
   [25 0 0 0])
  ("fopen" .
   [7 0 0 0 0])
  ("argv" .
   [14 0 0 0])
  ("fseek" .
   [2 0 0 0 0])
  ("SEEK_SET" .
   [1 0 0 0 0 0 0 0])
  ("fclose" .
   [3 0 0 0 0 0])
  ("MAX_ITEM" .
   [0 0 0 1 0 0 0 0])
  ("department" .
   [1 0 0 1 1 0 0 0 0 0])
  ("lead_time" .
   [0 0 1 0 0 0 0 0 0])
  ("default" .
   [0 0 0 0 5 1 2])
  ("dm" .
   [2 0])
  ("MAX_AGE" .
   [3 0 0 0 0 0 0])
  ("-rf" .
   [1 0 0])
  ("cassert" .
   [1 0 0 0 0 0 0])
  ("r2p" .
   [9 0 0])
  ("p2r" .
   [7 0 0])
  ("max_age" .
   [6 0 0 0 0 0 0])
  ("age" .
   [3 0 0])
  ("MAX_L" .
   [6 0 0 0 0])
  ("sumS" .
   [2 0 0 0])
  ("make_cost" .
   [0 0 0 0 0 1 0 0 0])
  ("acos" .
   [3 0 0 0])
  ("get_side" .
   [0 0 0 1 0 0 0 0])
  ("max_divided" .
   [0 0 0 0 0 2 1 0 0 0 0])
  ("divided" .
   [1 0 4 0 0 0 1])
  ("exist" .
   [4 0 0 4 5])
  ("N_MAX" .
   [23 0 0 0 1])
  ("N_MIN" .
   [8 0 0 0 0])
  ("M_MIN" .
   [3 0 0 0 0])
  ("M_MAX" .
   [6 0 0 0 0])
  ("L_MIN" .
   [1 0 0 0 0])
  ("L_MAX" .
   [2 0 0 0 0])
  ("d_MIN" .
   [1 0 0 0 0])
  ("d_MAX" .
   [1 0 0 0 0])
  ("a_MIN" .
   [4 0 0 0 0])
  ("a_MAX" .
   [6 0 0 0 0])
  ("k_MIN" .
   [1 0 0 0 0])
  ("t_MIN" .
   [1 0 0 0 0])
  ("t_MAX" .
   [1 0 0 0 0])
  ("format" .
   [13 0 0 0 0 0])
  ("v1" .
   [20 0])
  ("dial" .
   [3 0 0 0])
  ("X_MIN" .
   [3 0 0 0 0])
  ("X_MAX" .
   [3 0 0 0 0])
  ("Y_MIN" .
   [3 0 0 0 0])
  ("Y_MAX" .
   [3 0 0 0 0])
  ("Z_MIN" .
   [1 0 0 0 0])
  ("Z_MAX" .
   [1 0 0 0 0])
  ("p_MIN" .
   [1 0 0 0 0])
  ("p_MAX" .
   [6 0 0 0 0])
  ("c_MIN" .
   [1 0 0 0 0])
  ("c_MAX" .
   [1 0 0 0 0])
  ("satisfaction" .
   [0 0 0 2 0 0 0 0 0 0 0 0])
  ("u_MIN" .
   [1 0 0 0 0])
  ("u_MAX" .
   [1 0 0 0 0])
  ("v_MIN" .
   [1 0 0 0 0])
  ("v_MAX" .
   [1 0 0 0 0])
  ("find_loop" .
   [0 0 0 0 0 1 0 0 0])
  ("is_connected" .
   [0 0 0 1 0 0 0 0 0 0 0 0])
  ("Exist" .
   [1 0 0 0 1])
  ("exist_self_loop" .
   [0 0 0 0 0 0 1 0 1 0 0 0 0 0 0])
  ("RX_MIN" .
   [1 0 0 0 0 0])
  ("RX_MAX" .
   [1 0 0 0 0 0])
  ("isIntersectLL" .
   [0 0 1 0 0 0 0 0 0 0 0 0 2])
  ("isIntersectCS" .
   [2 0 0 0 0 0 0 0 0 0 0 0 0])
  ("distance" .
   [1 0 0 0 0 0 0 0])
  ("tangentCP" .
   [0 0 1 3 0 0 0 0 0])
  ("vp1" .
   [6 0 0])
  ("vp2" .
   [8 0 0])
  ("isIntersect" .
   [0 0 0 0 0 0 0 0 0 0 2])
  ("paint" .
   [4 0 0 0 1])
  ("unpaint" .
   [1 0 0 0 0 0 0])
  ("nii" .
   [2 0 0])
  ("via" .
   [2 0 0])
  ("getUser" .
   [0 0 0 0 1 0 0])
  ("userSearchAPI" .
   [1 0 0 0 0 2 2 0 0 0 0 0 1])
  ("convex_cut" .
   [0 0 0 0 0 2 0 0 0 0])
  ("get_perpendicular_bisector" .
   [0 0 0 0 0 1 0 0 0 0 0 0 0 0 0 0 0 0 0 0 0 0 0 0 0 0])
  ("user" .
   [1 0 0 0])
  ("is_out" .
   [1 0 0 0 0 0])
  ("is_outside" .
   [2 0 0 0 0 0 0 0 0 0])
  ("cat_video" .
   [0 0 0 0 0 1 0 0 0])
  ("DATA_NUM" .
   [2 0 0 0 1 1 0 0])
  ("data_name" .
   [6 0 0 0 0 0 0 0 0])
  ("output_data_name" .
   [0 0 0 0 0 0 0 0 0 2 0 1 0 0 0 0])
  ("intput_data_name" .
   [0 0 0 0 0 0 0 1 0 0 0 0 0 0 0 0])
  ("os" .
   [21 0])
  ("err" .
   [3 0 0])
  ("cstdlib" .
   [3 0 0 0 0 0 0])
  ("datas" .
   [41 0 0 0 0])
  ("input_data_name" .
   [1 0 0 0 0 0 0 0 1 0 0 0 0 0 0])
  ("Video2D" .
   [3 0 4 0 0 1 20])
  ("Face" .
   [1 0 0 0])
  ("quad" .
   [9 0 0 1])
  ("sum_a" .
   [2 0 0 0 0])
  ("sum_b" .
   [2 0 0 0 0])
  ("CLOCKWISE" .
   [0 0 0 4 0 0 0 0 0])
  ("intersect" .
   [6 0 0 0 3 3 0 0 0])
  ("l" .
   [4])
  ("result_ncd" .
   [0 0 0 0 0 0 0 1 0 0])
  ("calc_compressibility" .
   [1 0 0 0 0 6 0 0 0 0 0 0 0 0 0 0 0 0 0 0])
  ("cxy" .
   [11 0 0])
  ("cyx" .
   [11 0 0])
  ("comp_xx" .
   [1 0 0 0 0 0 0])
  ("comp_yy" .
   [1 0 0 0 0 0 0])
  ("cyy" .
   [6 0 0])
  ("cxx" .
   [6 0 0])
  ("comp_x" .
   [2 0 0 0 0 0])
  ("ncd" .
   [6 0 0])
  ("calc_ncd" .
   [1 0 0 0 0 0 0 0])
  ("results" .
   [2 0 0 0 0 0 0])
  ("mncd" .
   [4 0 0 0])
  ("calculation" .
   [0 0 0 0 0 1 0 0 0 0 0])
  ("write_file" .
   [2 0 0 0 0 1 1 0 1 0])
  ("output_filename" .
   [1 0 0 0 0 0 1 1 0 0 0 0 0 0 0])
  ("cerr" .
   [1 0 0 0])
  ("input_filename" .
   [0 0 0 0 0 0 0 0 2 0 0 1 0 0])
  ("exception" .
   [0 0 0 0 0 0 0 0 1])
  ("ofstream" .
   [4 0 0 0 0 0 0 0])
  ("ifstream" .
   [3 0 0 0 0 0 0 0])
  ("connect_data" .
   [2 0 0 0 0 0 0 0 1 0 0 0])
  ("plot" .
   [5 0 0 0])
  ("of" .
   [1 0])
  ("system" .
   [11 0 0 0 0 0])
  ("compress_data" .
   [1 0 0 0 0 0 0 0 0 0 0 0 0])
  ("eof" .
   [2 0 0])
  ("ok2" .
   [1 0 0])
  ("ok1" .
   [1 0 0])
  ("command" .
   [5 0 0 0 3 1 1])
  ("c_str" .
   [14 0 1 0 0])
  ("plt" .
   [1 0 0])
  ("plot_filename" .
   [0 0 0 0 0 1 1 0 0 0 0 0 0])
  ("get" .
   [33 0 0])
  ("cctype" .
   [5 0 0 0 1 0])
  ("con_s" .
   [3 0 0 0 0])
  ("isalpha" .
   [0 0 0 0 3 0 0])
  ("testcase" .
   [1 0 0 0 0 0 0 0])
  ("Video2Ds" .
   [1 0 0 0 0 0 0 0])
  ("run" .
   [9 0 0])
  ("File" .
   [18 0 1 1])
  ("read_file" .
   [1 0 0 0 0 0 0 0 0])
  ("explicit" .
   [0 0 1 0 0 2 0 0])
  ("min" .
   [92 0 1])
  ("Weight" .
   [3 0 31 3 0 0])
  ("pwi" .
   [1 0 0])
  ("test_case" .
   [2 0 0 0 0 0 0 1 0])
  ("person.h" .
   [1 0 0 1 0 0 0 0])
  ("person" .
   [0 0 0 0 0 2])
  ("MAX_PERSON" .
   [0 0 0 0 1 0 0 0 0 0])
  ("MAX_PERSON_NUM" .
   [1 0 0 0 0 0 0 0 0 0 0 0 0 0])
  ("MAX_NUM_OF_PERSON_NUM" .
   [0 0 0 1 0 0 0 0 0 0 0 0 0 0 0 0 0 0 0 0 0])
  ("MAX_NUM_OF_PERSON" .
   [1 0 0 0 0 0 0 0 0 0 0 0 0 0 0 0 0])
  ("to_bit" .
   [0 0 0 1 0 0])
  ("array1" .
   [1 0 0 0 0 0])
  ("concat" .
   [4 0 0 0 0 0])
  ("get_datas" .
   [1 0 0 0 0 0 0 0 0])
  ("new_name" .
   [3 0 0 0 0 0 0 0])
  ("mem2" .
   [5 0 0 0])
  ("change_bit_rate" .
   [0 0 0 0 0 0 0 0 0 0 0 0 0 0 4])
  ("NCD" .
   [1 0 0])
  ("MNCD" .
   [1 0 0 0])
  ("vorbis" .
   [1 0 0 0 0 0])
  ("cout" .
   [69 0 0 1])
  ("string" .
   [264 0 0 0 0 1])
  ("make_seq" .
   [0 0 0 0 2 0 0 0])
  ("keystrokes" .
   [0 0 0 2 0 0 0 0 0 0])
  ("ncnt" .
   [1 0 0 0])
  ("strlen" .
   [16 0 0 0 0 0])
  ("grid" .
   [15 0 0 0])
  ("mem" .
   [33 0 0])
  ("sumLR" .
   [2 0 0 0 1])
  ("sumRL" .
   [3 0 0 0 1])
  ("remove_points" .
   [0 0 0 0 0 0 1 0 0 0 0 0 0])
  ("sumR" .
   [10 0 0 0])
  ("sumL" .
   [9 0 0 0])
  ("cls" .
   [0 0 2])
  ("str_num" .
   [1 0 0 0 3 0 2])
  ("x265" .
   [4 0 0 0])
  ("Data" .
   [26 0 0 0])
  ("ene" .
   [5 0 0])
  ("turn" .
   [20 0 0 0])
  ("damage" .
   [4 0 0 1 4 3])
  ("total_turn" .
   [2 0 0 1 3 1 0 0 0 0])
  ("step" .
   [12 0 0 0])
  ("nsx" .
   [11 0 0])
  ("nsy" .
   [14 0 0])
  ("is_same" .
   [1 0 0 0 0 0 0])
  ("pow" .
   [10 0 0])
  ("v2l" .
   [3 0 0])
  ("l2v" .
   [1 0 0])
  ("ssx" .
   [1 0 0])
  ("ssy" .
   [1 0 0])
  ("fprintf" .
   [5 0 0 0 0 0 0])
  ("stderr" .
   [5 0 0 0 0 0])
  ("atof" .
   [2 0 0 0])
  ("MINIMUM_VALUE" .
   [0 0 1 0 0 0 0 0 0 0 0 0 0])
  ("u" .
   [1])
  ("csx" .
   [4 0 0])
  ("csy" .
   [4 0 0])
  ("break" .
   [0 0 0 0 1])
  ("nen" .
   [4 0 0])
  ("init_edges" .
   [0 0 0 2 3 0 0 0 0 0])
  ("clear" .
   [4 0 0 0 0])
  ("cnt1" .
   [6 0 0 0])
  ("nx0" .
   [1 0 0])
  ("ny1" .
   [13 0 0])
  ("ny0" .
   [1 0 0])
  ("nx1" .
   [14 0 0])
  ("nx2" .
   [3 0 0])
  ("ny2" .
   [3 0 0])
  ("tb2" .
   [1 0 0])
  ("tb" .
   [8 0])
  ("ng" .
   [1 0])
  ("NAX_H" .
   [0 0 0 2 0])
  ("tie" .
   [11 0 0])
  ("closed" .
   [27 0 0 2 0 1])
  ("mod_pow" .
   [1 0 0 0 4 0 1])
  ("compress_command2" .
   [2 0 0 0 0 0 0 0 0 0 0 0 0 0 0 0 0])
  ("option" .
   [1 0 0 0 1 0])
  ("is_prime" .
   [0 0 1 2 0 0 0 0])
  ("b1" .
   [2 0])
  ("pgs" .
   [26 0 0])
  ("max_num" .
   [1 0 0 0 0 1 1])
  ("get_score" .
   [1 0 0 0 0 0 0 0 0])
  ("pg" .
   [2 0])
  ("LEFT" .
   [4 0 0 0])
  ("RIGHT" .
   [3 0 0 1 0])
  ("is_dot" .
   [6 0 3 0 0 2])
  ("1145141919810LL" .
   [4 0 0 0 0 0 0 0 0 0 0 0 0 0 0])
  ("price" .
   [14 0 0 0 0])
  ("buy" .
   [2 0 0])
  ("sell" .
   [2 0 0 0])
  ("sscore" .
   [3 0 0 0 0 0])
  ("dname" .
   [7 0 0 0 0])
  ("cname" .
   [14 0 0 0 0])
  ("bscore" .
   [1 0 1 0 0 0])
  ("using" .
   [0 0 0 0 5])
  ("lowest" .
   [0 0 0 2 2 1])
  ("highest" .
   [0 0 2 0 0 0 0])
  ("filename2" .
   [2 0 0 0 0 0 0 0 0])
  ("filename1" .
   [1 0 0 0 0 0 0 0 0])
  ("1e55" .
   [1 0 0 0])
  ("human_num" .
   [0 0 0 1 1 1 0 0 4])
  ("pose_num" .
   [0 0 0 0 2 2 0 1])
  ("dir/" .
   [2 0 0 0])
  ("dir," .
   [1 0 0 0])
  ("math" .
   [0 0 0 2])
  ("match" .
   [3 0 0 0 0])
  ("GLASS" .
   [5 0 0 0 0])
  ("ios" .
   [1 0 0])
  ("WIDTH" .
   [0 0 0 1 0])
  ("hack" .
   [15 0 0 0])
  ("hack2" .
   [6 0 0 0 0])
  ("mats" .
   [5 0 0 0])
  ("RMQ2D" .
   [0 0 0 1 1])
  ("delete" .
   [0 0 0 0 0 3])
  ("lose" .
   [5 0 0 0])
  ("count_region" .
   [1 0 0 0 0 2 0 0 0 0 0 0])
  ("is_reach" .
   [1 0 3 4 0 0 0 0])
  ("next_pos" .
   [0 0 0 0 1 0 0 0])
  ("poss_remove" .
   [0 0 0 0 0 0 0 1 0 0 0])
  ("fill_field" .
   [0 0 0 0 0 1 0 0 0 0])
  ("reach" .
   [5 0 0 1 1])
  ("fill_col" .
   [1 0 0 0 0 0 0 0])
  ("unreach" .
   [0 0 0 0 1 0 0])
  ("ridge" .
   [2 0 2 2 6])
  ("large_cnt" .
   [0 0 0 1 0 2 0 0 0])
  ("MUL" .
   [2 0 0])
  ("ass" .
   [0 0 1])
  ("get_next" .
   [1 0 0 0 1 0 0 0])
  ("exist_cp" .
   [0 0 0 2 0 1 0 1])
  ("intersectSP" .
   [0 0 0 0 0 0 0 0 0 1 0])
  ("containCP" .
   [2 0 0 0 0 0 0 0 0])
  ("crosspoint" .
   [2 0 0 0 0 0 0 0 0 0])
  ("center_of_gravity" .
   [0 0 0 0 1 0 0 0 0 0 0 0 0 0 0 0 0])
  ("make" .
   [2 0 0 0])
  ("Na" .
   [3 0])
  ("Nt" .
   [3 0])
  ("Ng" .
   [3 0])
  ("Nc" .
   [3 0])
  ("vmem" .
   [1 0 0 0])
  ("INIT_VALUE" .
   [0 0 0 0 1 0 0 0 0 0])
  ("ruq" .
   [2 0 0])
  ("RBST" .
   [42 0 1 0])
  ("split" .
   [21 0 0 0 0])
  ("erase" .
   [16 0 0 0 0])
  ("rbst" .
   [12 0 0 0])
  ("shift" .
   [4 0 0 1 0])
  ("t2" .
   [6 0])
  ("t1" .
   [5 0])
  ("Treap" .
   [3 0 0 0 0])
  ("pri" .
   [11 0 0])
  ("min_val" .
   [2 0 1 0 0 0 0])
  ("s2" .
   [5 0])
  ("rmin" .
   [2 0 0 0])
  ("s1" .
   [4 0])
  ("range_min" .
   [1 0 0 0 0 4 1 0 0])
  ("other" .
   [1 0 0 0 0])
  ("Suffix_Array" .
   [0 0 0 0 1 0 0 0 0 0 0 0])
  ("nbit" .
   [4 0 0 0])
  ("unordered_map" .
   [0 0 0 0 5 0 0 0 0 0 0 0 0])
  ("find_sound" .
   [0 0 0 0 0 1 0 0 0 0])
  ("rrem" .
   [1 0 0 0])
  ("is_kadomatsu" .
   [0 0 2 0 0 0 0 0 0 0 0 1])
  ("lst" .
   [9 0 0])
  ("ok" .
   [1 0])
  ("MAX_COST" .
   [0 0 0 1 0 0 0 0])
  ("SIZE" .
   [14 0 0 0])
  ("datb" .
   [1 0 0 0])
  ("lazy" .
   [8 0 4 2])
  ("inverse" .
   [5 0 0 0 0 0 0])
  ("chrono" .
   [1 0 0 0 0 0])
  ("elapsed" .
   [0 0 0 0 1 0 0])
  ("rd2" .
   [1 0 0])
  ("tfile" .
   [3 0 0 0 0])
  ("min_idx" .
   [4 0 0 0 4 0 1])
  ("max_idx" .
   [6 0 0 0 0 0 0])
  ("CPLUS_INCLUDE_PATH" .
   [0 0 1 0 3 0 0 0 0 0 0 0 0 0 0 0 0 0])
  ("pass_snake" .
   [0 0 0 0 1 0 0 0 1 0])
  ("mot" .
   [3 0 0])
  ("coef" .
   [8 0 0 0])
  ("expo" .
   [1 0 0 0])
  ("item" .
   [1 0 0 0])
  ("Parse" .
   [1 0 0 1 0])
  ("minus" .
   [0 0 0 0 1])
  ("Type" .
   [12 0 0 0])
  ("is_point" .
   [0 0 0 9 0 0 0 2])
  ("refl" .
   [3 0 0 0])
  ("unique" .
   [1 0 0 0 0 0])
  ("adj" .
   [27 0 0])
  ("remove_edge" .
   [0 0 0 0 0 0 1 0 0 0 0])
  ("one_flow" .
   [1 0 0 16 1 0 0 0])
  ("1e5" .
   [2 0 0])
  ("P_MIN" .
   [1 0 0 0 0])
  ("P_MAX" .
   [1 0 0 0 0])
  ("hoge" .
   [11 0 0 0])
  ("distance_SS" .
   [0 0 0 0 0 0 0 0 0 0 1])
  ("1e6" .
   [2 0 0])
  ("printcol" .
   [0 0 0 0 0 0 1 0])
  ("range_sum" .
   [0 0 0 0 0 1 0 0 0])
  ("used_point" .
   [2 0 0 0 0 0 0 0 0 0])
  ("getchar" .
   [1 0 0 0 0 0 0])
  ("assert.h" .
   [1 0 0 0 0 0 0 0])
  ("va_arg" .
   [0 0 0 0 0 1])
  ("tiny_printf" .
   [0 0 0 1 0 0 0 0 0 0 0])
  ("int_p" .
   [4 0 0 0 0])
  ("MAX_BUF_LEN" .
   [0 0 2 4 0 0 0 0 0 0 0])
  ("copy_msg" .
   [0 0 0 3 2 0 0 1])
  ("decorate" .
   [0 0 0 0 1 0 0 0])
  ("strncpy" .
   [0 0 0 0 1 1 0])
  ("print_decorated" .
   [0 0 0 0 0 0 0 1 2 0 0 0 0 0 0])
  ("upper" .
   [1 0 0 0 0])
  ("lower" .
   [1 0 0 0 0])
  ("get_ruled_line" .
   [0 0 0 1 0 0 0 0 0 0 0 0 0 0])
  ("maze_info" .
   [0 0 0 0 3 0 0 0 1])
  ("coodinate" .
   [1 0 0 1 0 2 0 0 0])
  ("maze" .
   [66 0 0 0])
  ("print_maze" .
   [1 0 0 0 0 0 0 0 0 0])
  ("require_contents" .
   [0 0 0 0 1 0 0 0 0 0 0 0 0 0 0 0])
  ("key_list_url" .
   [0 0 0 0 0 1 0 0 0 0 0 0])
  ("Solver" .
   [3 0 0 0 0 0])
  ("solver" .
   [1 0 0 0 0 0])
  ("if_statement" .
   [0 0 0 0 2 0 0 0 0 0 0 0])
  ("while_statement" .
   [1 0 0 0 0 0 1 1 0 0 0 0 0 0 0])
  ("prog" .
   [5 0 0 0])
  ("hit" .
   [5 0 0])
  ("hit_cnt" .
   [2 0 0 0 0 0 2])
  ("term" .
   [5 0 0 0])
  ("Parser" .
   [0 0 0 2 0 0])
  ("remove_spaces" .
   [0 0 0 0 0 0 2 0 0 0 0 0 0])
  ("is_term" .
   [1 0 0 0 0 0 0])
  ("long" .
   [0 0 0 1])
  ("is_clear" .
   [0 0 1 0 0 0 0 0])
  ("is_reachable" .
   [0 0 0 0 0 0 1 0 0 0 0 0])
  ("curr_cup" .
   [42 0 0 0 0 0 0 0])
  ("currj" .
   [0 0 0 0 3])
  ("curr_cj" .
   [0 0 0 0 0 0 1])
  ("nsize" .
   [4 0 0 0 0])
  ("move_cup" .
   [1 0 0 0 0 0 0 0])
  ("next_cup" .
   [3 0 0 0 0 0 0 0])
  ("next_state" .
   [3 0 0 0 0 0 0 0 0 0])
  ("max_product" .
   [0 0 0 0 1 0 0 1 0 0 0])
  ("Ck1" .
   [4 0 0])
  ("Ck0" .
   [1 0 0])
  ("find_web_page" .
   [0 0 0 0 0 0 0 0 1 0 0 0 0])
  ("elems" .
   [5 0 0 0 0])
  ("make_name" .
   [1 0 0 0 1 0 0 0 0])
  ("c3" .
   [4 0])
  ("exist_web_page" .
   [0 0 0 1 0 0 0 0 0 0 0 0 0 0])
  ("MAX_LEN" .
   [1 0 0 1 1 0 0])
  ("contents" .
   [4 0 0 0 0 0 0 0])
  ("page_list" .
   [0 0 0 0 0 1 0 0 1])
  ("page" .
   [1 0 0 0])))
